09-10 10:24:06.936 D/SmartBLE_Logger(13869): [Info] 正在连接设备...
09-10 10:24:08.557 D/SmartBLE_Logger(13869): [Info] 发现 5 个服务
09-10 10:26:46.226 D/SmartBLE_Logger(13869): [Info] 启用 通知 Unknown Characteristic...
09-10 10:26:46.232 D/SmartBLE_Logger(13869): [Success] 通知已启用
09-10 10:28:36.161 D/SmartBLE_Logger(13869): [Info] 启用 通知 Unknown Characteristic...
09-10 10:28:36.168 D/SmartBLE_Logger(13869): [Success] 通知已启用
09-10 10:28:38.406 D/SmartBLE_Logger(13869): [Info] 启用 通知 Unknown Characteristic...
09-10 10:28:38.408 D/SmartBLE_Logger(13869): [Success] 通知已启用
09-10 10:28:38.509 D/SmartBLE_Logger(13869): [Receive] 收到通知: E5 BC 80 E5 A7 8B E7 9B 91 E5 90 AC E7 B3 BB E7 BB 9F E7 8A B6 E6 80 81 00
09-10 10:28:39.535 D/SmartBLE_Logger(13869): [Receive] 收到通知: 7B 22 74 79 70 65 22 3A 22 64 65 76 69 63 65 5F 73 74 61 74 75 73 22 2C 22 6C 65 64 22 3A 22 6F 66 66 22 2C 22 75 70 74 69 6D 65 22 3A 33 35 31 33 32 31 2C 22 66 69 78 74 75 72 65 5F 72 6F 6C 65 22 3A 22 70 65 72 69 70 68 65 72 61 6C 22 7D
09-10 10:28:44.607 D/SmartBLE_Logger(13869): [Receive] 收到通知: 7B 22 74 79 70 65 22 3A 22 64 65 76 69 63 65 5F 73 74 61 74 75 73 22 2C 22 6C 65 64 22 3A 22 6F 66 66 22 2C 22 75 70 74 69 6D 65 22 3A 33 35 36 33 37 37 2C 22 66 69 78 74 75 72 65 5F 72 6F 6C 65 22 3A 22 70 65 72 69 70 68 65 72 61 6C 22 7D
09-10 10:28:49.634 D/SmartBLE_Logger(13869): [Receive] 收到通知: 7B 22 74 79 70 65 22 3A 22 64 65 76 69 63 65 5F 73 74 61 74 75 73 22 2C 22 6C 65 64 22 3A 22 6F 66 66 22 2C 22 75 70 74 69 6D 65 22 3A 33 36 31 34 33 33 2C 22 66 69 78 74 75 72 65 5F 72 6F 6C 65 22 3A 22 70 65 72 69 70 68 65 72 61 6C 22 7D
09-10 10:28:54.699 D/SmartBLE_Logger(13869): [Receive] 收到通知: 7B 22 74 79 70 65 22 3A 22 64 65 76 69 63 65 5F 73 74 61 74 75 73 22 2C 22 6C 65 64 22 3A 22 6F 66 66 22 2C 22 75 70 74 69 6D 65 22 3A 33 36 36 34 38 39 2C 22 66 69 78 74 75 72 65 5F 72 6F 6C 65 22 3A 22 70 65 72 69 70 68 65 72 61 6C 22 7D
09-10 10:28:59.769 D/SmartBLE_Logger(13869): [Receive] 收到通知: 7B 22 74 79 70 65 22 3A 22 64 65 76 69 63 65 5F 73 74 61 74 75 73 22 2C 22 6C 65 64 22 3A 22 6F 66 66 22 2C 22 75 70 74 69 6D 65 22 3A 33 37 31 35 34 35 2C 22 66 69 78 74 75 72 65 5F 72 6F 6C 65 22 3A 22 70 65 72 69 70 68 65 72 61 6C 22 7D
09-10 10:29:04.840 D/SmartBLE_Logger(13869): [Receive] 收到通知: 7B 22 74 79 70 65 22 3A 22 64 65 76 69 63 65 5F 73 74 61 74 75 73 22 2C 22 6C 65 64 22 3A 22 6F 66 66 22 2C 22 75 70 74 69 6D 65 22 3A 33 37 36 36 30 31 2C 22 66 69 78 74 75 72 65 5F 72 6F 6C 65 22 3A 22 70 65 72 69 70 68 65 72 61 6C 22 7D
09-10 10:29:09.862 D/SmartBLE_Logger(13869): [Receive] 收到通知: 7B 22 74 79 70 65 22 3A 22 64 65 76 69 63 65 5F 73 74 61 74 75 73 22 2C 22 6C 65 64 22 3A 22 6F 66 66 22 2C 22 75 70 74 69 6D 65 22 3A 33 38 31 36 35 37 2C 22 66 69 78 74 75 72 65 5F 72 6F 6C 65 22 3A 22 70 65 72 69 70 68 65 72 61 6C 22 7D
09-10 10:29:14.935 D/SmartBLE_Logger(13869): [Receive] 收到通知: 7B 22 74 79 70 65 22 3A 22 64 65 76 69 63 65 5F 73 74 61 74 75 73 22 2C 22 6C 65 64 22 3A 22 6F 66 66 22 2C 22 75 70 74 69 6D 65 22 3A 33 38 36 37 31 33 2C 22 66 69 78 74 75 72 65 5F 72 6F 6C 65 22 3A 22 70 65 72 69 70 68 65 72 61 6C 22 7D
09-10 10:29:19.999 D/SmartBLE_Logger(13869): [Receive] 收到通知: 7B 22 74 79 70 65 22 3A 22 64 65 76 69 63 65 5F 73 74 61 74 75 73 22 2C 22 6C 65 64 22 3A 22 6F 66 66 22 2C 22 75 70 74 69 6D 65 22 3A 33 39 31 37 36 39 2C 22 66 69 78 74 75 72 65 5F 72 6F 6C 65 22 3A 22 70 65 72 69 70 68 65 72 61 6C 22 7D
09-10 10:29:25.016 D/SmartBLE_Logger(13869): [Receive] 收到通知: 7B 22 74 79 70 65 22 3A 22 64 65 76 69 63 65 5F 73 74 61 74 75 73 22 2C 22 6C 65 64 22 3A 22 6F 66 66 22 2C 22 75 70 74 69 6D 65 22 3A 33 39 36 38 32 35 2C 22 66 69 78 74 75 72 65 5F 72 6F 6C 65 22 3A 22 70 65 72 69 70 68 65 72 61 6C 22 7D
09-10 10:29:30.092 D/SmartBLE_Logger(13869): [Receive] 收到通知: 7B 22 74 79 70 65 22 3A 22 64 65 76 69 63 65 5F 73 74 61 74 75 73 22 2C 22 6C 65 64 22 3A 22 6F 66 66 22 2C 22 75 70 74 69 6D 65 22 3A 34 30 31 38 38 31 2C 22 66 69 78 74 75 72 65 5F 72 6F 6C 65 22 3A 22 70 65 72 69 70 68 65 72 61 6C 22 7D
09-10 10:29:35.162 D/SmartBLE_Logger(13869): [Receive] 收到通知: 7B 22 74 79 70 65 22 3A 22 64 65 76 69 63 65 5F 73 74 61 74 75 73 22 2C 22 6C 65 64 22 3A 22 6F 66 66 22 2C 22 75 70 74 69 6D 65 22 3A 34 30 36 39 33 37 2C 22 66 69 78 74 75 72 65 5F 72 6F 6C 65 22 3A 22 70 65 72 69 70 68 65 72 61 6C 22 7D
09-10 10:29:40.230 D/SmartBLE_Logger(13869): [Receive] 收到通知: 7B 22 74 79 70 65 22 3A 22 64 65 76 69 63 65 5F 73 74 61 74 75 73 22 2C 22 6C 65 64 22 3A 22 6F 66 66 22 2C 22 75 70 74 69 6D 65 22 3A 34 31 31 39 39 33 2C 22 66 69 78 74 75 72 65 5F 72 6F 6C 65 22 3A 22 70 65 72 69 70 68 65 72 61 6C 22 7D
09-10 10:29:45.251 D/SmartBLE_Logger(13869): [Receive] 收到通知: 7B 22 74 79 70 65 22 3A 22 64 65 76 69 63 65 5F 73 74 61 74 75 73 22 2C 22 6C 65 64 22 3A 22 6F 66 66 22 2C 22 75 70 74 69 6D 65 22 3A 34 31 37 30 34 39 2C 22 66 69 78 74 75 72 65 5F 72 6F 6C 65 22 3A 22 70 65 72 69 70 68 65 72 61 6C 22 7D
09-10 10:29:50.322 D/SmartBLE_Logger(13869): [Receive] 收到通知: 7B 22 74 79 70 65 22 3A 22 64 65 76 69 63 65 5F 73 74 61 74 75 73 22 2C 22 6C 65 64 22 3A 22 6F 66 66 22 2C 22 75 70 74 69 6D 65 22 3A 34 32 32 31 30 35 2C 22 66 69 78 74 75 72 65 5F 72 6F 6C 65 22 3A 22 70 65 72 69 70 68 65 72 61 6C 22 7D
09-10 10:29:55.389 D/SmartBLE_Logger(13869): [Receive] 收到通知: 7B 22 74 79 70 65 22 3A 22 64 65 76 69 63 65 5F 73 74 61 74 75 73 22 2C 22 6C 65 64 22 3A 22 6F 66 66 22 2C 22 75 70 74 69 6D 65 22 3A 34 32 37 31 36 31 2C 22 66 69 78 74 75 72 65 5F 72 6F 6C 65 22 3A 22 70 65 72 69 70 68 65 72 61 6C 22 7D
09-10 10:30:00.412 D/SmartBLE_Logger(13869): [Receive] 收到通知: 7B 22 74 79 70 65 22 3A 22 64 65 76 69 63 65 5F 73 74 61 74 75 73 22 2C 22 6C 65 64 22 3A 22 6F 66 66 22 2C 22 75 70 74 69 6D 65 22 3A 34 33 32 32 31 37 2C 22 66 69 78 74 75 72 65 5F 72 6F 6C 65 22 3A 22 70 65 72 69 70 68 65 72 61 6C 22 7D
09-10 10:30:05.480 D/SmartBLE_Logger(13869): [Receive] 收到通知: 7B 22 74 79 70 65 22 3A 22 64 65 76 69 63 65 5F 73 74 61 74 75 73 22 2C 22 6C 65 64 22 3A 22 6F 66 66 22 2C 22 75 70 74 69 6D 65 22 3A 34 33 37 32 37 33 2C 22 66 69 78 74 75 72 65 5F 72 6F 6C 65 22 3A 22 70 65 72 69 70 68 65 72 61 6C 22 7D
09-10 10:30:08.211 D/SmartBLE_Logger(13869): [Info] 写入 Unknown Characteristic: 4C 45 44 5F 4F 4E 4C 45 44 5F 4F 4E
09-10 10:30:08.213 D/SmartBLE_Logger(13869): [Success] 写入成功
09-10 10:30:08.353 D/SmartBLE_Logger(13869): [Receive] 收到通知: 7B 22 74 79 70 65 22 3A 22 77 72 69 74 65 5F 72 65 73 70 6F 6E 73 65 22 2C 22 63 6F 6D 6D 61 6E 64 22 3A 22 4C 45 44 5F 4F 4E 4C 45 44 5F 4F 4E 22 2C 22 6C 65 64 5F 73 74 61 74 65 22 3A 22 6F 66 66 22 2C 22 62 6C 69 6E 6B 5F 70 61 74 74 65 72 6E 22 3A 30 7D
09-10 10:30:08.356 D/SmartBLE_Logger(13869): [Receive] 收到通知: 7B 22 74 79 70 65 22 3A 22 77 72 69 74 65 5F 72 65 73 70 6F 6E 73 65 22 2C 22 63 6F 6D 6D 61 6E 64 22 3A 22 4C 45 44 5F 4F 4E 4C 45 44 5F 4F 4E 22 2C 22 6C 65 64 5F 73 74 61 74 65 22 3A 22 6F 66 66 22 2C 22 62 6C 69 6E 6B 5F 70 61 74 74 65 72 6E 22 3A 30 7D
09-10 10:30:08.408 D/SmartBLE_Logger(13869): [Info] 写入完成: 7B 22 74 79 70 65 22 3A 22 77 72 69 74 65 5F 72 65 73 70 6F 6E 73 65 22 2C 22 63 6F 6D 6D 61 6E 64 22 3A 22 4C 45 44 5F 4F 4E 4C 45 44 5F 4F 4E 22 2C 22 6C 65 64 5F 73 74 61 74 65 22 3A 22 6F 66 66 22 2C 22 62 6C 69 6E 6B 5F 70 61 74 74 65 72 6E 22 3A 30 7D
09-10 10:30:10.550 D/SmartBLE_Logger(13869): [Receive] 收到通知: 7B 22 74 79 70 65 22 3A 22 64 65 76 69 63 65 5F 73 74 61 74 75 73 22 2C 22 6C 65 64 22 3A 22 6F 66 66 22 2C 22 75 70 74 69 6D 65 22 3A 34 34 32 33 32 39 2C 22 66 69 78 74 75 72 65 5F 72 6F 6C 65 22 3A 22 70 65 72 69 70 68 65 72 61 6C 22 7D
09-10 10:30:15.627 D/SmartBLE_Logger(13869): [Receive] 收到通知: 7B 22 74 79 70 65 22 3A 22 64 65 76 69 63 65 5F 73 74 61 74 75 73 22 2C 22 6C 65 64 22 3A 22 6F 66 66 22 2C 22 75 70 74 69 6D 65 22 3A 34 34 37 33 38 35 2C 22 66 69 78 74 75 72 65 5F 72 6F 6C 65 22 3A 22 70 65 72 69 70 68 65 72 61 6C 22 7D
09-10 10:30:20.648 D/SmartBLE_Logger(13869): [Receive] 收到通知: 7B 22 74 79 70 65 22 3A 22 64 65 76 69 63 65 5F 73 74 61 74 75 73 22 2C 22 6C 65 64 22 3A 22 6F 66 66 22 2C 22 75 70 74 69 6D 65 22 3A 34 35 32 34 34 31 2C 22 66 69 78 74 75 72 65 5F 72 6F 6C 65 22 3A 22 70 65 72 69 70 68 65 72 61 6C 22 7D
09-10 10:30:25.715 D/SmartBLE_Logger(13869): [Receive] 收到通知: 7B 22 74 79 70 65 22 3A 22 64 65 76 69 63 65 5F 73 74 61 74 75 73 22 2C 22 6C 65 64 22 3A 22 6F 66 66 22 2C 22 75 70 74 69 6D 65 22 3A 34 35 37 34 39 37 2C 22 66 69 78 74 75 72 65 5F 72 6F 6C 65 22 3A 22 70 65 72 69 70 68 65 72 61 6C 22 7D
09-10 10:30:30.784 D/SmartBLE_Logger(13869): [Receive] 收到通知: 7B 22 74 79 70 65 22 3A 22 64 65 76 69 63 65 5F 73 74 61 74 75 73 22 2C 22 6C 65 64 22 3A 22 6F 66 66 22 2C 22 75 70 74 69 6D 65 22 3A 34 36 32 35 35 33 2C 22 66 69 78 74 75 72 65 5F 72 6F 6C 65 22 3A 22 70 65 72 69 70 68 65 72 61 6C 22 7D
09-10 10:30:35.813 D/SmartBLE_Logger(13869): [Receive] 收到通知: 7B 22 74 79 70 65 22 3A 22 64 65 76 69 63 65 5F 73 74 61 74 75 73 22 2C 22 6C 65 64 22 3A 22 6F 66 66 22 2C 22 75 70 74 69 6D 65 22 3A 34 36 37 36 30 39 2C 22 66 69 78 74 75 72 65 5F 72 6F 6C 65 22 3A 22 70 65 72 69 70 68 65 72 61 6C 22 7D
09-10 10:30:40.880 D/SmartBLE_Logger(13869): [Receive] 收到通知: 7B 22 74 79 70 65 22 3A 22 64 65 76 69 63 65 5F 73 74 61 74 75 73 22 2C 22 6C 65 64 22 3A 22 6F 66 66 22 2C 22 75 70 74 69 6D 65 22 3A 34 37 32 36 36 35 2C 22 66 69 78 74 75 72 65 5F 72 6F 6C 65 22 3A 22 70 65 72 69 70 68 65 72 61 6C 22 7D
09-10 10:30:45.942 D/SmartBLE_Logger(13869): [Receive] 收到通知: 7B 22 74 79 70 65 22 3A 22 64 65 76 69 63 65 5F 73 74 61 74 75 73 22 2C 22 6C 65 64 22 3A 22 6F 66 66 22 2C 22 75 70 74 69 6D 65 22 3A 34 37 37 37 32 31 2C 22 66 69 78 74 75 72 65 5F 72 6F 6C 65 22 3A 22 70 65 72 69 70 68 65 72 61 6C 22 7D
09-10 10:30:51.017 D/SmartBLE_Logger(13869): [Receive] 收到通知: 7B 22 74 79 70 65 22 3A 22 64 65 76 69 63 65 5F 73 74 61 74 75 73 22 2C 22 6C 65 64 22 3A 22 6F 66 66 22 2C 22 75 70 74 69 6D 65 22 3A 34 38 32 37 37 37 2C 22 66 69 78 74 75 72 65 5F 72 6F 6C 65 22 3A 22 70 65 72 69 70 68 65 72 61 6C 22 7D
09-10 10:30:56.043 D/SmartBLE_Logger(13869): [Receive] 收到通知: 7B 22 74 79 70 65 22 3A 22 64 65 76 69 63 65 5F 73 74 61 74 75 73 22 2C 22 6C 65 64 22 3A 22 6F 66 66 22 2C 22 75 70 74 69 6D 65 22 3A 34 38 37 38 33 33 2C 22 66 69 78 74 75 72 65 5F 72 6F 6C 65 22 3A 22 70 65 72 69 70 68 65 72 61 6C 22 7D
09-10 10:31:01.109 D/SmartBLE_Logger(13869): [Receive] 收到通知: 7B 22 74 79 70 65 22 3A 22 64 65 76 69 63 65 5F 73 74 61 74 75 73 22 2C 22 6C 65 64 22 3A 22 6F 66 66 22 2C 22 75 70 74 69 6D 65 22 3A 34 39 32 38 38 39 2C 22 66 69 78 74 75 72 65 5F 72 6F 6C 65 22 3A 22 70 65 72 69 70 68 65 72 61 6C 22 7D
09-10 10:31:06.183 D/SmartBLE_Logger(13869): [Receive] 收到通知: 7B 22 74 79 70 65 22 3A 22 64 65 76 69 63 65 5F 73 74 61 74 75 73 22 2C 22 6C 65 64 22 3A 22 6F 66 66 22 2C 22 75 70 74 69 6D 65 22 3A 34 39 37 39 34 35 2C 22 66 69 78 74 75 72 65 5F 72 6F 6C 65 22 3A 22 70 65 72 69 70 68 65 72 61 6C 22 7D
09-10 10:31:11.205 D/SmartBLE_Logger(13869): [Receive] 收到通知: 7B 22 74 79 70 65 22 3A 22 64 65 76 69 63 65 5F 73 74 61 74 75 73 22 2C 22 6C 65 64 22 3A 22 6F 66 66 22 2C 22 75 70 74 69 6D 65 22 3A 35 30 33 30 30 31 2C 22 66 69 78 74 75 72 65 5F 72 6F 6C 65 22 3A 22 70 65 72 69 70 68 65 72 61 6C 22 7D
09-10 10:31:16.270 D/SmartBLE_Logger(13869): [Receive] 收到通知: 7B 22 74 79 70 65 22 3A 22 64 65 76 69 63 65 5F 73 74 61 74 75 73 22 2C 22 6C 65 64 22 3A 22 6F 66 66 22 2C 22 75 70 74 69 6D 65 22 3A 35 30 38 30 35 37 2C 22 66 69 78 74 75 72 65 5F 72 6F 6C 65 22 3A 22 70 65 72 69 70 68 65 72 61 6C 22 7D
09-10 10:31:21.341 D/SmartBLE_Logger(13869): [Receive] 收到通知: 7B 22 74 79 70 65 22 3A 22 64 65 76 69 63 65 5F 73 74 61 74 75 73 22 2C 22 6C 65 64 22 3A 22 6F 66 66 22 2C 22 75 70 74 69 6D 65 22 3A 35 31 33 31 31 33 2C 22 66 69 78 74 75 72 65 5F 72 6F 6C 65 22 3A 22 70 65 72 69 70 68 65 72 61 6C 22 7D
09-10 10:31:26.413 D/SmartBLE_Logger(13869): [Receive] 收到通知: 7B 22 74 79 70 65 22 3A 22 64 65 76 69 63 65 5F 73 74 61 74 75 73 22 2C 22 6C 65 64 22 3A 22 6F 66 66 22 2C 22 75 70 74 69 6D 65 22 3A 35 31 38 31 36 39 2C 22 66 69 78 74 75 72 65 5F 72 6F 6C 65 22 3A 22 70 65 72 69 70 68 65 72 61 6C 22 7D
09-10 10:31:31.435 D/SmartBLE_Logger(13869): [Receive] 收到通知: 7B 22 74 79 70 65 22 3A 22 64 65 76 69 63 65 5F 73 74 61 74 75 73 22 2C 22 6C 65 64 22 3A 22 6F 66 66 22 2C 22 75 70 74 69 6D 65 22 3A 35 32 33 32 32 35 2C 22 66 69 78 74 75 72 65 5F 72 6F 6C 65 22 3A 22 70 65 72 69 70 68 65 72 61 6C 22 7D
09-10 10:31:36.507 D/SmartBLE_Logger(13869): [Receive] 收到通知: 7B 22 74 79 70 65 22 3A 22 64 65 76 69 63 65 5F 73 74 61 74 75 73 22 2C 22 6C 65 64 22 3A 22 6F 66 66 22 2C 22 75 70 74 69 6D 65 22 3A 35 32 38 32 38 31 2C 22 66 69 78 74 75 72 65 5F 72 6F 6C 65 22 3A 22 70 65 72 69 70 68 65 72 61 6C 22 7D
09-10 10:31:41.576 D/SmartBLE_Logger(13869): [Receive] 收到通知: 7B 22 74 79 70 65 22 3A 22 64 65 76 69 63 65 5F 73 74 61 74 75 73 22 2C 22 6C 65 64 22 3A 22 6F 66 66 22 2C 22 75 70 74 69 6D 65 22 3A 35 33 33 33 33 37 2C 22 66 69 78 74 75 72 65 5F 72 6F 6C 65 22 3A 22 70 65 72 69 70 68 65 72 61 6C 22 7D
09-10 10:31:46.595 D/SmartBLE_Logger(13869): [Receive] 收到通知: 7B 22 74 79 70 65 22 3A 22 64 65 76 69 63 65 5F 73 74 61 74 75 73 22 2C 22 6C 65 64 22 3A 22 6F 66 66 22 2C 22 75 70 74 69 6D 65 22 3A 35 33 38 33 39 33 2C 22 66 69 78 74 75 72 65 5F 72 6F 6C 65 22 3A 22 70 65 72 69 70 68 65 72 61 6C 22 7D
09-10 10:31:51.667 D/SmartBLE_Logger(13869): [Receive] 收到通知: 7B 22 74 79 70 65 22 3A 22 64 65 76 69 63 65 5F 73 74 61 74 75 73 22 2C 22 6C 65 64 22 3A 22 6F 66 66 22 2C 22 75 70 74 69 6D 65 22 3A 35 34 33 34 34 39 2C 22 66 69 78 74 75 72 65 5F 72 6F 6C 65 22 3A 22 70 65 72 69 70 68 65 72 61 6C 22 7D
09-10 10:31:56.730 D/SmartBLE_Logger(13869): [Receive] 收到通知: 7B 22 74 79 70 65 22 3A 22 64 65 76 69 63 65 5F 73 74 61 74 75 73 22 2C 22 6C 65 64 22 3A 22 6F 66 66 22 2C 22 75 70 74 69 6D 65 22 3A 35 34 38 35 30 35 2C 22 66 69 78 74 75 72 65 5F 72 6F 6C 65 22 3A 22 70 65 72 69 70 68 65 72 61 6C 22 7D
09-10 10:32:01.755 D/SmartBLE_Logger(13869): [Receive] 收到通知: 7B 22 74 79 70 65 22 3A 22 64 65 76 69 63 65 5F 73 74 61 74 75 73 22 2C 22 6C 65 64 22 3A 22 6F 66 66 22 2C 22 75 70 74 69 6D 65 22 3A 35 35 33 35 36 31 2C 22 66 69 78 74 75 72 65 5F 72 6F 6C 65 22 3A 22 70 65 72 69 70 68 65 72 61 6C 22 7D
09-10 10:32:06.825 D/SmartBLE_Logger(13869): [Receive] 收到通知: 7B 22 74 79 70 65 22 3A 22 64 65 76 69 63 65 5F 73 74 61 74 75 73 22 2C 22 6C 65 64 22 3A 22 6F 66 66 22 2C 22 75 70 74 69 6D 65 22 3A 35 35 38 36 31 37 2C 22 66 69 78 74 75 72 65 5F 72 6F 6C 65 22 3A 22 70 65 72 69 70 68 65 72 61 6C 22 7D
09-10 10:32:11.898 D/SmartBLE_Logger(13869): [Receive] 收到通知: 7B 22 74 79 70 65 22 3A 22 64 65 76 69 63 65 5F 73 74 61 74 75 73 22 2C 22 6C 65 64 22 3A 22 6F 66 66 22 2C 22 75 70 74 69 6D 65 22 3A 35 36 33 36 37 33 2C 22 66 69 78 74 75 72 65 5F 72 6F 6C 65 22 3A 22 70 65 72 69 70 68 65 72 61 6C 22 7D
09-10 10:32:16.964 D/SmartBLE_Logger(13869): [Receive] 收到通知: 7B 22 74 79 70 65 22 3A 22 64 65 76 69 63 65 5F 73 74 61 74 75 73 22 2C 22 6C 65 64 22 3A 22 6F 66 66 22 2C 22 75 70 74 69 6D 65 22 3A 35 36 38 37 32 39 2C 22 66 69 78 74 75 72 65 5F 72 6F 6C 65 22 3A 22 70 65 72 69 70 68 65 72 61 6C 22 7D
09-10 10:32:21.990 D/SmartBLE_Logger(13869): [Receive] 收到通知: 7B 22 74 79 70 65 22 3A 22 64 65 76 69 63 65 5F 73 74 61 74 75 73 22 2C 22 6C 65 64 22 3A 22 6F 66 66 22 2C 22 75 70 74 69 6D 65 22 3A 35 37 33 37 38 35 2C 22 66 69 78 74 75 72 65 5F 72 6F 6C 65 22 3A 22 70 65 72 69 70 68 65 72 61 6C 22 7D
09-10 10:32:27.055 D/SmartBLE_Logger(13869): [Receive] 收到通知: 7B 22 74 79 70 65 22 3A 22 64 65 76 69 63 65 5F 73 74 61 74 75 73 22 2C 22 6C 65 64 22 3A 22 6F 66 66 22 2C 22 75 70 74 69 6D 65 22 3A 35 37 38 38 34 31 2C 22 66 69 78 74 75 72 65 5F 72 6F 6C 65 22 3A 22 70 65 72 69 70 68 65 72 61 6C 22 7D
09-10 10:32:32.123 D/SmartBLE_Logger(13869): [Receive] 收到通知: 7B 22 74 79 70 65 22 3A 22 64 65 76 69 63 65 5F 73 74 61 74 75 73 22 2C 22 6C 65 64 22 3A 22 6F 66 66 22 2C 22 75 70 74 69 6D 65 22 3A 35 38 33 38 39 37 2C 22 66 69 78 74 75 72 65 5F 72 6F 6C 65 22 3A 22 70 65 72 69 70 68 65 72 61 6C 22 7D
09-10 10:32:37.146 D/SmartBLE_Logger(13869): [Receive] 收到通知: 7B 22 74 79 70 65 22 3A 22 64 65 76 69 63 65 5F 73 74 61 74 75 73 22 2C 22 6C 65 64 22 3A 22 6F 66 66 22 2C 22 75 70 74 69 6D 65 22 3A 35 38 38 39 35 33 2C 22 66 69 78 74 75 72 65 5F 72 6F 6C 65 22 3A 22 70 65 72 69 70 68 65 72 61 6C 22 7D
09-10 10:32:42.219 D/SmartBLE_Logger(13869): [Receive] 收到通知: 7B 22 74 79 70 65 22 3A 22 64 65 76 69 63 65 5F 73 74 61 74 75 73 22 2C 22 6C 65 64 22 3A 22 6F 66 66 22 2C 22 75 70 74 69 6D 65 22 3A 35 39 34 30 30 39 2C 22 66 69 78 74 75 72 65 5F 72 6F 6C 65 22 3A 22 70 65 72 69 70 68 65 72 61 6C 22 7D
09-10 10:32:47.292 D/SmartBLE_Logger(13869): [Receive] 收到通知: 7B 22 74 79 70 65 22 3A 22 64 65 76 69 63 65 5F 73 74 61 74 75 73 22 2C 22 6C 65 64 22 3A 22 6F 66 66 22 2C 22 75 70 74 69 6D 65 22 3A 35 39 39 30 36 35 2C 22 66 69 78 74 75 72 65 5F 72 6F 6C 65 22 3A 22 70 65 72 69 70 68 65 72 61 6C 22 7D
09-10 10:32:52.357 D/SmartBLE_Logger(13869): [Receive] 收到通知: 7B 22 74 79 70 65 22 3A 22 64 65 76 69 63 65 5F 73 74 61 74 75 73 22 2C 22 6C 65 64 22 3A 22 6F 66 66 22 2C 22 75 70 74 69 6D 65 22 3A 36 30 34 31 32 31 2C 22 66 69 78 74 75 72 65 5F 72 6F 6C 65 22 3A 22 70 65 72 69 70 68 65 72 61 6C 22 7D
09-10 10:32:57.379 D/SmartBLE_Logger(13869): [Receive] 收到通知: 7B 22 74 79 70 65 22 3A 22 64 65 76 69 63 65 5F 73 74 61 74 75 73 22 2C 22 6C 65 64 22 3A 22 6F 66 66 22 2C 22 75 70 74 69 6D 65 22 3A 36 30 39 31 37 37 2C 22 66 69 78 74 75 72 65 5F 72 6F 6C 65 22 3A 22 70 65 72 69 70 68 65 72 61 6C 22 7D
09-10 10:33:02.444 D/SmartBLE_Logger(13869): [Receive] 收到通知: 7B 22 74 79 70 65 22 3A 22 64 65 76 69 63 65 5F 73 74 61 74 75 73 22 2C 22 6C 65 64 22 3A 22 6F 66 66 22 2C 22 75 70 74 69 6D 65 22 3A 36 31 34 32 33 33 2C 22 66 69 78 74 75 72 65 5F 72 6F 6C 65 22 3A 22 70 65 72 69 70 68 65 72 61 6C 22 7D
09-10 10:33:07.521 D/SmartBLE_Logger(13869): [Receive] 收到通知: 7B 22 74 79 70 65 22 3A 22 64 65 76 69 63 65 5F 73 74 61 74 75 73 22 2C 22 6C 65 64 22 3A 22 6F 66 66 22 2C 22 75 70 74 69 6D 65 22 3A 36 31 39 32 38 39 2C 22 66 69 78 74 75 72 65 5F 72 6F 6C 65 22 3A 22 70 65 72 69 70 68 65 72 61 6C 22 7D
09-10 10:33:12.541 D/SmartBLE_Logger(13869): [Receive] 收到通知: 7B 22 74 79 70 65 22 3A 22 64 65 76 69 63 65 5F 73 74 61 74 75 73 22 2C 22 6C 65 64 22 3A 22 6F 66 66 22 2C 22 75 70 74 69 6D 65 22 3A 36 32 34 33 34 35 2C 22 66 69 78 74 75 72 65 5F 72 6F 6C 65 22 3A 22 70 65 72 69 70 68 65 72 61 6C 22 7D
09-10 10:33:17.610 D/SmartBLE_Logger(13869): [Receive] 收到通知: 7B 22 74 79 70 65 22 3A 22 64 65 76 69 63 65 5F 73 74 61 74 75 73 22 2C 22 6C 65 64 22 3A 22 6F 66 66 22 2C 22 75 70 74 69 6D 65 22 3A 36 32 39 34 30 31 2C 22 66 69 78 74 75 72 65 5F 72 6F 6C 65 22 3A 22 70 65 72 69 70 68 65 72 61 6C 22 7D
09-10 10:33:22.682 D/SmartBLE_Logger(13869): [Receive] 收到通知: 7B 22 74 79 70 65 22 3A 22 64 65 76 69 63 65 5F 73 74 61 74 75 73 22 2C 22 6C 65 64 22 3A 22 6F 66 66 22 2C 22 75 70 74 69 6D 65 22 3A 36 33 34 34 35 37 2C 22 66 69 78 74 75 72 65 5F 72 6F 6C 65 22 3A 22 70 65 72 69 70 68 65 72 61 6C 22 7D
09-10 10:33:27.752 D/SmartBLE_Logger(13869): [Receive] 收到通知: 7B 22 74 79 70 65 22 3A 22 64 65 76 69 63 65 5F 73 74 61 74 75 73 22 2C 22 6C 65 64 22 3A 22 6F 66 66 22 2C 22 75 70 74 69 6D 65 22 3A 36 33 39 35 31 33 2C 22 66 69 78 74 75 72 65 5F 72 6F 6C 65 22 3A 22 70 65 72 69 70 68 65 72 61 6C 22 7D
09-10 10:33:32.772 D/SmartBLE_Logger(13869): [Receive] 收到通知: 7B 22 74 79 70 65 22 3A 22 64 65 76 69 63 65 5F 73 74 61 74 75 73 22 2C 22 6C 65 64 22 3A 22 6F 66 66 22 2C 22 75 70 74 69 6D 65 22 3A 36 34 34 35 36 39 2C 22 66 69 78 74 75 72 65 5F 72 6F 6C 65 22 3A 22 70 65 72 69 70 68 65 72 61 6C 22 7D
09-10 10:33:37.847 D/SmartBLE_Logger(13869): [Receive] 收到通知: 7B 22 74 79 70 65 22 3A 22 64 65 76 69 63 65 5F 73 74 61 74 75 73 22 2C 22 6C 65 64 22 3A 22 6F 66 66 22 2C 22 75 70 74 69 6D 65 22 3A 36 34 39 36 32 35 2C 22 66 69 78 74 75 72 65 5F 72 6F 6C 65 22 3A 22 70 65 72 69 70 68 65 72 61 6C 22 7D
09-10 10:33:42.906 D/SmartBLE_Logger(13869): [Receive] 收到通知: 7B 22 74 79 70 65 22 3A 22 64 65 76 69 63 65 5F 73 74 61 74 75 73 22 2C 22 6C 65 64 22 3A 22 6F 66 66 22 2C 22 75 70 74 69 6D 65 22 3A 36 35 34 36 38 31 2C 22 66 69 78 74 75 72 65 5F 72 6F 6C 65 22 3A 22 70 65 72 69 70 68 65 72 61 6C 22 7D
09-10 10:33:47.930 D/SmartBLE_Logger(13869): [Receive] 收到通知: 7B 22 74 79 70 65 22 3A 22 64 65 76 69 63 65 5F 73 74 61 74 75 73 22 2C 22 6C 65 64 22 3A 22 6F 66 66 22 2C 22 75 70 74 69 6D 65 22 3A 36 35 39 37 33 37 2C 22 66 69 78 74 75 72 65 5F 72 6F 6C 65 22 3A 22 70 65 72 69 70 68 65 72 61 6C 22 7D
09-10 10:33:53.003 D/SmartBLE_Logger(13869): [Receive] 收到通知: 7B 22 74 79 70 65 22 3A 22 64 65 76 69 63 65 5F 73 74 61 74 75 73 22 2C 22 6C 65 64 22 3A 22 6F 66 66 22 2C 22 75 70 74 69 6D 65 22 3A 36 36 34 37 39 33 2C 22 66 69 78 74 75 72 65 5F 72 6F 6C 65 22 3A 22 70 65 72 69 70 68 65 72 61 6C 22 7D
09-10 10:33:58.072 D/SmartBLE_Logger(13869): [Receive] 收到通知: 7B 22 74 79 70 65 22 3A 22 64 65 76 69 63 65 5F 73 74 61 74 75 73 22 2C 22 6C 65 64 22 3A 22 6F 66 66 22 2C 22 75 70 74 69 6D 65 22 3A 36 36 39 38 34 39 2C 22 66 69 78 74 75 72 65 5F 72 6F 6C 65 22 3A 22 70 65 72 69 70 68 65 72 61 6C 22 7D
09-10 10:34:03.142 D/SmartBLE_Logger(13869): [Receive] 收到通知: 7B 22 74 79 70 65 22 3A 22 64 65 76 69 63 65 5F 73 74 61 74 75 73 22 2C 22 6C 65 64 22 3A 22 6F 66 66 22 2C 22 75 70 74 69 6D 65 22 3A 36 37 34 39 30 35 2C 22 66 69 78 74 75 72 65 5F 72 6F 6C 65 22 3A 22 70 65 72 69 70 68 65 72 61 6C 22 7D
09-10 10:34:08.164 D/SmartBLE_Logger(13869): [Receive] 收到通知: 7B 22 74 79 70 65 22 3A 22 64 65 76 69 63 65 5F 73 74 61 74 75 73 22 2C 22 6C 65 64 22 3A 22 6F 66 66 22 2C 22 75 70 74 69 6D 65 22 3A 36 37 39 39 36 31 2C 22 66 69 78 74 75 72 65 5F 72 6F 6C 65 22 3A 22 70 65 72 69 70 68 65 72 61 6C 22 7D
09-10 10:34:13.231 D/SmartBLE_Logger(13869): [Receive] 收到通知: 7B 22 74 79 70 65 22 3A 22 64 65 76 69 63 65 5F 73 74 61 74 75 73 22 2C 22 6C 65 64 22 3A 22 6F 66 66 22 2C 22 75 70 74 69 6D 65 22 3A 36 38 35 30 31 37 2C 22 66 69 78 74 75 72 65 5F 72 6F 6C 65 22 3A 22 70 65 72 69 70 68 65 72 61 6C 22 7D
09-10 10:34:14.055 D/SmartBLE_Logger(13869): [Info] 写入 Unknown Characteristic: 4C 45 44 5F 4F 4E
09-10 10:34:14.059 D/SmartBLE_Logger(13869): [Success] 写入成功
09-10 10:34:14.202 D/SmartBLE_Logger(13869): [Receive] 收到通知: 7B 22 74 79 70 65 22 3A 22 77 72 69 74 65 5F 72 65 73 70 6F 6E 73 65 22 2C 22 63 6F 6D 6D 61 6E 64 22 3A 22 4C 45 44 5F 4F 4E 22 2C 22 6C 65 64 5F 73 74 61 74 65 22 3A 22 6F 6E 22 2C 22 62 6C 69 6E 6B 5F 70 61 74 74 65 72 6E 22 3A 31 7D
09-10 10:34:14.203 D/SmartBLE_Logger(13869): [Receive] 收到通知: 7B 22 74 79 70 65 22 3A 22 77 72 69 74 65 5F 72 65 73 70 6F 6E 73 65 22 2C 22 63 6F 6D 6D 61 6E 64 22 3A 22 4C 45 44 5F 4F 4E 22 2C 22 6C 65 64 5F 73 74 61 74 65 22 3A 22 6F 6E 22 2C 22 62 6C 69 6E 6B 5F 70 61 74 74 65 72 6E 22 3A 31 7D
09-10 10:34:14.276 D/SmartBLE_Logger(13869): [Info] 写入完成: 7B 22 74 79 70 65 22 3A 22 77 72 69 74 65 5F 72 65 73 70 6F 6E 73 65 22 2C 22 63 6F 6D 6D 61 6E 64 22 3A 22 4C 45 44 5F 4F 4E 22 2C 22 6C 65 64 5F 73 74 61 74 65 22 3A 22 6F 6E 22 2C 22 62 6C 69 6E 6B 5F 70 61 74 74 65 72 6E 22 3A 31 7D
09-10 10:34:18.300 D/SmartBLE_Logger(13869): [Receive] 收到通知: 7B 22 74 79 70 65 22 3A 22 64 65 76 69 63 65 5F 73 74 61 74 75 73 22 2C 22 6C 65 64 22 3A 22 6F 6E 22 2C 22 75 70 74 69 6D 65 22 3A 36 39 30 30 37 33 2C 22 66 69 78 74 75 72 65 5F 72 6F 6C 65 22 3A 22 70 65 72 69 70 68 65 72 61 6C 22 7D
09-10 10:34:23.326 D/SmartBLE_Logger(13869): [Receive] 收到通知: 7B 22 74 79 70 65 22 3A 22 64 65 76 69 63 65 5F 73 74 61 74 75 73 22 2C 22 6C 65 64 22 3A 22 6F 6E 22 2C 22 75 70 74 69 6D 65 22 3A 36 39 35 31 32 39 2C 22 66 69 78 74 75 72 65 5F 72 6F 6C 65 22 3A 22 70 65 72 69 70 68 65 72 61 6C 22 7D
09-10 10:34:28.401 D/SmartBLE_Logger(13869): [Receive] 收到通知: 7B 22 74 79 70 65 22 3A 22 64 65 76 69 63 65 5F 73 74 61 74 75 73 22 2C 22 6C 65 64 22 3A 22 6F 6E 22 2C 22 75 70 74 69 6D 65 22 3A 37 30 30 31 38 35 2C 22 66 69 78 74 75 72 65 5F 72 6F 6C 65 22 3A 22 70 65 72 69 70 68 65 72 61 6C 22 7D
09-10 10:34:33.467 D/SmartBLE_Logger(13869): [Receive] 收到通知: 7B 22 74 79 70 65 22 3A 22 64 65 76 69 63 65 5F 73 74 61 74 75 73 22 2C 22 6C 65 64 22 3A 22 6F 6E 22 2C 22 75 70 74 69 6D 65 22 3A 37 30 35 32 34 31 2C 22 66 69 78 74 75 72 65 5F 72 6F 6C 65 22 3A 22 70 65 72 69 70 68 65 72 61 6C 22 7D
09-10 10:34:38.539 D/SmartBLE_Logger(13869): [Receive] 收到通知: 7B 22 74 79 70 65 22 3A 22 64 65 76 69 63 65 5F 73 74 61 74 75 73 22 2C 22 6C 65 64 22 3A 22 6F 6E 22 2C 22 75 70 74 69 6D 65 22 3A 37 31 30 32 39 37 2C 22 66 69 78 74 75 72 65 5F 72 6F 6C 65 22 3A 22 70 65 72 69 70 68 65 72 61 6C 22 7D
09-10 10:34:43.558 D/SmartBLE_Logger(13869): [Receive] 收到通知: 7B 22 74 79 70 65 22 3A 22 64 65 76 69 63 65 5F 73 74 61 74 75 73 22 2C 22 6C 65 64 22 3A 22 6F 6E 22 2C 22 75 70 74 69 6D 65 22 3A 37 31 35 33 35 33 2C 22 66 69 78 74 75 72 65 5F 72 6F 6C 65 22 3A 22 70 65 72 69 70 68 65 72 61 6C 22 7D
09-10 10:34:48.628 D/SmartBLE_Logger(13869): [Receive] 收到通知: 7B 22 74 79 70 65 22 3A 22 64 65 76 69 63 65 5F 73 74 61 74 75 73 22 2C 22 6C 65 64 22 3A 22 6F 6E 22 2C 22 75 70 74 69 6D 65 22 3A 37 32 30 34 30 39 2C 22 66 69 78 74 75 72 65 5F 72 6F 6C 65 22 3A 22 70 65 72 69 70 68 65 72 61 6C 22 7D
09-10 10:34:53.703 D/SmartBLE_Logger(13869): [Receive] 收到通知: 7B 22 74 79 70 65 22 3A 22 64 65 76 69 63 65 5F 73 74 61 74 75 73 22 2C 22 6C 65 64 22 3A 22 6F 6E 22 2C 22 75 70 74 69 6D 65 22 3A 37 32 35 34 36 35 2C 22 66 69 78 74 75 72 65 5F 72 6F 6C 65 22 3A 22 70 65 72 69 70 68 65 72 61 6C 22 7D
09-10 10:34:58.722 D/SmartBLE_Logger(13869): [Receive] 收到通知: 7B 22 74 79 70 65 22 3A 22 64 65 76 69 63 65 5F 73 74 61 74 75 73 22 2C 22 6C 65 64 22 3A 22 6F 6E 22 2C 22 75 70 74 69 6D 65 22 3A 37 33 30 35 32 31 2C 22 66 69 78 74 75 72 65 5F 72 6F 6C 65 22 3A 22 70 65 72 69 70 68 65 72 61 6C 22 7D
09-10 10:35:03.794 D/SmartBLE_Logger(13869): [Receive] 收到通知: 7B 22 74 79 70 65 22 3A 22 64 65 76 69 63 65 5F 73 74 61 74 75 73 22 2C 22 6C 65 64 22 3A 22 6F 6E 22 2C 22 75 70 74 69 6D 65 22 3A 37 33 35 35 37 37 2C 22 66 69 78 74 75 72 65 5F 72 6F 6C 65 22 3A 22 70 65 72 69 70 68 65 72 61 6C 22 7D
09-10 10:35:08.860 D/SmartBLE_Logger(13869): [Receive] 收到通知: 7B 22 74 79 70 65 22 3A 22 64 65 76 69 63 65 5F 73 74 61 74 75 73 22 2C 22 6C 65 64 22 3A 22 6F 6E 22 2C 22 75 70 74 69 6D 65 22 3A 37 34 30 36 33 33 2C 22 66 69 78 74 75 72 65 5F 72 6F 6C 65 22 3A 22 70 65 72 69 70 68 65 72 61 6C 22 7D
09-10 10:35:13.930 D/SmartBLE_Logger(13869): [Receive] 收到通知: 7B 22 74 79 70 65 22 3A 22 64 65 76 69 63 65 5F 73 74 61 74 75 73 22 2C 22 6C 65 64 22 3A 22 6F 6E 22 2C 22 75 70 74 69 6D 65 22 3A 37 34 35 36 38 39 2C 22 66 69 78 74 75 72 65 5F 72 6F 6C 65 22 3A 22 70 65 72 69 70 68 65 72 61 6C 22 7D
09-10 10:35:18.954 D/SmartBLE_Logger(13869): [Receive] 收到通知: 7B 22 74 79 70 65 22 3A 22 64 65 76 69 63 65 5F 73 74 61 74 75 73 22 2C 22 6C 65 64 22 3A 22 6F 6E 22 2C 22 75 70 74 69 6D 65 22 3A 37 35 30 37 34 35 2C 22 66 69 78 74 75 72 65 5F 72 6F 6C 65 22 3A 22 70 65 72 69 70 68 65 72 61 6C 22 7D
09-10 10:35:24.025 D/SmartBLE_Logger(13869): [Receive] 收到通知: 7B 22 74 79 70 65 22 3A 22 64 65 76 69 63 65 5F 73 74 61 74 75 73 22 2C 22 6C 65 64 22 3A 22 6F 6E 22 2C 22 75 70 74 69 6D 65 22 3A 37 35 35 38 30 31 2C 22 66 69 78 74 75 72 65 5F 72 6F 6C 65 22 3A 22 70 65 72 69 70 68 65 72 61 6C 22 7D
09-10 10:35:29.094 D/SmartBLE_Logger(13869): [Receive] 收到通知: 7B 22 74 79 70 65 22 3A 22 64 65 76 69 63 65 5F 73 74 61 74 75 73 22 2C 22 6C 65 64 22 3A 22 6F 6E 22 2C 22 75 70 74 69 6D 65 22 3A 37 36 30 38 35 37 2C 22 66 69 78 74 75 72 65 5F 72 6F 6C 65 22 3A 22 70 65 72 69 70 68 65 72 61 6C 22 7D
09-10 10:35:34.113 D/SmartBLE_Logger(13869): [Receive] 收到通知: 7B 22 74 79 70 65 22 3A 22 64 65 76 69 63 65 5F 73 74 61 74 75 73 22 2C 22 6C 65 64 22 3A 22 6F 6E 22 2C 22 75 70 74 69 6D 65 22 3A 37 36 35 39 31 33 2C 22 66 69 78 74 75 72 65 5F 72 6F 6C 65 22 3A 22 70 65 72 69 70 68 65 72 61 6C 22 7D
09-10 10:35:39.183 D/SmartBLE_Logger(13869): [Receive] 收到通知: 7B 22 74 79 70 65 22 3A 22 64 65 76 69 63 65 5F 73 74 61 74 75 73 22 2C 22 6C 65 64 22 3A 22 6F 6E 22 2C 22 75 70 74 69 6D 65 22 3A 37 37 30 39 36 39 2C 22 66 69 78 74 75 72 65 5F 72 6F 6C 65 22 3A 22 70 65 72 69 70 68 65 72 61 6C 22 7D
09-10 10:35:44.248 D/SmartBLE_Logger(13869): [Receive] 收到通知: 7B 22 74 79 70 65 22 3A 22 64 65 76 69 63 65 5F 73 74 61 74 75 73 22 2C 22 6C 65 64 22 3A 22 6F 6E 22 2C 22 75 70 74 69 6D 65 22 3A 37 37 36 30 32 35 2C 22 66 69 78 74 75 72 65 5F 72 6F 6C 65 22 3A 22 70 65 72 69 70 68 65 72 61 6C 22 7D
09-10 10:35:49.281 D/SmartBLE_Logger(13869): [Receive] 收到通知: 7B 22 74 79 70 65 22 3A 22 64 65 76 69 63 65 5F 73 74 61 74 75 73 22 2C 22 6C 65 64 22 3A 22 6F 6E 22 2C 22 75 70 74 69 6D 65 22 3A 37 38 31 30 38 31 2C 22 66 69 78 74 75 72 65 5F 72 6F 6C 65 22 3A 22 70 65 72 69 70 68 65 72 61 6C 22 7D
09-10 10:35:54.348 D/SmartBLE_Logger(13869): [Receive] 收到通知: 7B 22 74 79 70 65 22 3A 22 64 65 76 69 63 65 5F 73 74 61 74 75 73 22 2C 22 6C 65 64 22 3A 22 6F 6E 22 2C 22 75 70 74 69 6D 65 22 3A 37 38 36 31 33 37 2C 22 66 69 78 74 75 72 65 5F 72 6F 6C 65 22 3A 22 70 65 72 69 70 68 65 72 61 6C 22 7D
09-10 10:35:59.415 D/SmartBLE_Logger(13869): [Receive] 收到通知: 7B 22 74 79 70 65 22 3A 22 64 65 76 69 63 65 5F 73 74 61 74 75 73 22 2C 22 6C 65 64 22 3A 22 6F 6E 22 2C 22 75 70 74 69 6D 65 22 3A 37 39 31 31 39 33 2C 22 66 69 78 74 75 72 65 5F 72 6F 6C 65 22 3A 22 70 65 72 69 70 68 65 72 61 6C 22 7D
09-10 10:36:04.486 D/SmartBLE_Logger(13869): [Receive] 收到通知: 7B 22 74 79 70 65 22 3A 22 64 65 76 69 63 65 5F 73 74 61 74 75 73 22 2C 22 6C 65 64 22 3A 22 6F 6E 22 2C 22 75 70 74 69 6D 65 22 3A 37 39 36 32 34 39 2C 22 66 69 78 74 75 72 65 5F 72 6F 6C 65 22 3A 22 70 65 72 69 70 68 65 72 61 6C 22 7D
09-10 10:36:09.511 D/SmartBLE_Logger(13869): [Receive] 收到通知: 7B 22 74 79 70 65 22 3A 22 64 65 76 69 63 65 5F 73 74 61 74 75 73 22 2C 22 6C 65 64 22 3A 22 6F 6E 22 2C 22 75 70 74 69 6D 65 22 3A 38 30 31 33 30 35 2C 22 66 69 78 74 75 72 65 5F 72 6F 6C 65 22 3A 22 70 65 72 69 70 68 65 72 61 6C 22 7D
09-10 10:36:14.567 D/SmartBLE_Logger(13869): [Receive] 收到通知: 7B 22 74 79 70 65 22 3A 22 64 65 76 69 63 65 5F 73 74 61 74 75 73 22 2C 22 6C 65 64 22 3A 22 6F 6E 22 2C 22 75 70 74 69 6D 65 22 3A 38 30 36 33 36 31 2C 22 66 69 78 74 75 72 65 5F 72 6F 6C 65 22 3A 22 70 65 72 69 70 68 65 72 61 6C 22 7D
09-10 10:36:19.643 D/SmartBLE_Logger(13869): [Receive] 收到通知: 7B 22 74 79 70 65 22 3A 22 64 65 76 69 63 65 5F 73 74 61 74 75 73 22 2C 22 6C 65 64 22 3A 22 6F 6E 22 2C 22 75 70 74 69 6D 65 22 3A 38 31 31 34 31 37 2C 22 66 69 78 74 75 72 65 5F 72 6F 6C 65 22 3A 22 70 65 72 69 70 68 65 72 61 6C 22 7D
09-10 10:36:22.140 D/SmartBLE_Logger(13869): [Info] 读取 Unknown Characteristic...
09-10 10:36:22.244 D/SmartBLE_Logger(13869): [Receive] 读取结果: 7B 22 66 69 72 6D 77 61 72 65 5F 76 65 72 73 69 6F 6E 22 3A 22 31 2E 30 2E 30 22 2C 22 68 61 72 64 77 61 72 65 22 3A 22 65 73 70 33 32 2D 77 72 6F 6F 6D 2D 33 32 22 2C 22 75 70 74 69 6D 65 22 3A 38 31 34 2C 22 75 70 74 69 6D 65 5F 73 22 3A 38 31 34 2C 22 66 69 78 74 75 72 65 5F 72 6F 6C 65 22 3A 22 70 65 72 69 70 68 65 72 61 6C 22 2C 22 6E 61 6D 65 22 3A 22 42 4C 45 54 6F 6F 6C 6B 69 74 2D 53 65 72 76 65 72 22 2C 22 74 79 70 65 22 3A 22 73 79 73 74 65 6D 5F 69 6E 66 6F 22 7D
09-10 10:36:24.664 D/SmartBLE_Logger(13869): [Receive] 收到通知: 7B 22 74 79 70 65 22 3A 22 64 65 76 69 63 65 5F 73 74 61 74 75 73 22 2C 22 6C 65 64 22 3A 22 6F 6E 22 2C 22 75 70 74 69 6D 65 22 3A 38 31 36 34 37 33 2C 22 66 69 78 74 75 72 65 5F 72 6F 6C 65 22 3A 22 70 65 72 69 70 68 65 72 61 6C 22 7D
09-10 10:36:29.742 D/SmartBLE_Logger(13869): [Receive] 收到通知: 7B 22 74 79 70 65 22 3A 22 64 65 76 69 63 65 5F 73 74 61 74 75 73 22 2C 22 6C 65 64 22 3A 22 6F 6E 22 2C 22 75 70 74 69 6D 65 22 3A 38 32 31 35 32 39 2C 22 66 69 78 74 75 72 65 5F 72 6F 6C 65 22 3A 22 70 65 72 69 70 68 65 72 61 6C 22 7D
09-10 10:36:34.808 D/SmartBLE_Logger(13869): [Receive] 收到通知: 7B 22 74 79 70 65 22 3A 22 64 65 76 69 63 65 5F 73 74 61 74 75 73 22 2C 22 6C 65 64 22 3A 22 6F 6E 22 2C 22 75 70 74 69 6D 65 22 3A 38 32 36 35 38 35 2C 22 66 69 78 74 75 72 65 5F 72 6F 6C 65 22 3A 22 70 65 72 69 70 68 65 72 61 6C 22 7D
09-10 10:36:39.879 D/SmartBLE_Logger(13869): [Receive] 收到通知: 7B 22 74 79 70 65 22 3A 22 64 65 76 69 63 65 5F 73 74 61 74 75 73 22 2C 22 6C 65 64 22 3A 22 6F 6E 22 2C 22 75 70 74 69 6D 65 22 3A 38 33 31 36 34 31 2C 22 66 69 78 74 75 72 65 5F 72 6F 6C 65 22 3A 22 70 65 72 69 70 68 65 72 61 6C 22 7D
09-10 10:36:44.894 D/SmartBLE_Logger(13869): [Receive] 收到通知: 7B 22 74 79 70 65 22 3A 22 64 65 76 69 63 65 5F 73 74 61 74 75 73 22 2C 22 6C 65 64 22 3A 22 6F 6E 22 2C 22 75 70 74 69 6D 65 22 3A 38 33 36 36 39 37 2C 22 66 69 78 74 75 72 65 5F 72 6F 6C 65 22 3A 22 70 65 72 69 70 68 65 72 61 6C 22 7D
09-10 10:36:49.969 D/SmartBLE_Logger(13869): [Receive] 收到通知: 7B 22 74 79 70 65 22 3A 22 64 65 76 69 63 65 5F 73 74 61 74 75 73 22 2C 22 6C 65 64 22 3A 22 6F 6E 22 2C 22 75 70 74 69 6D 65 22 3A 38 34 31 37 35 33 2C 22 66 69 78 74 75 72 65 5F 72 6F 6C 65 22 3A 22 70 65 72 69 70 68 65 72 61 6C 22 7D
09-10 10:36:55.041 D/SmartBLE_Logger(13869): [Receive] 收到通知: 7B 22 74 79 70 65 22 3A 22 64 65 76 69 63 65 5F 73 74 61 74 75 73 22 2C 22 6C 65 64 22 3A 22 6F 6E 22 2C 22 75 70 74 69 6D 65 22 3A 38 34 36 38 30 39 2C 22 66 69 78 74 75 72 65 5F 72 6F 6C 65 22 3A 22 70 65 72 69 70 68 65 72 61 6C 22 7D
09-10 10:37:00.058 D/SmartBLE_Logger(13869): [Receive] 收到通知: 7B 22 74 79 70 65 22 3A 22 64 65 76 69 63 65 5F 73 74 61 74 75 73 22 2C 22 6C 65 64 22 3A 22 6F 6E 22 2C 22 75 70 74 69 6D 65 22 3A 38 35 31 38 36 35 2C 22 66 69 78 74 75 72 65 5F 72 6F 6C 65 22 3A 22 70 65 72 69 70 68 65 72 61 6C 22 7D
09-10 10:37:05.136 D/SmartBLE_Logger(13869): [Receive] 收到通知: 7B 22 74 79 70 65 22 3A 22 64 65 76 69 63 65 5F 73 74 61 74 75 73 22 2C 22 6C 65 64 22 3A 22 6F 6E 22 2C 22 75 70 74 69 6D 65 22 3A 38 35 36 39 32 31 2C 22 66 69 78 74 75 72 65 5F 72 6F 6C 65 22 3A 22 70 65 72 69 70 68 65 72 61 6C 22 7D
09-10 10:37:10.204 D/SmartBLE_Logger(13869): [Receive] 收到通知: 7B 22 74 79 70 65 22 3A 22 64 65 76 69 63 65 5F 73 74 61 74 75 73 22 2C 22 6C 65 64 22 3A 22 6F 6E 22 2C 22 75 70 74 69 6D 65 22 3A 38 36 31 39 37 37 2C 22 66 69 78 74 75 72 65 5F 72 6F 6C 65 22 3A 22 70 65 72 69 70 68 65 72 61 6C 22 7D
09-10 10:37:15.276 D/SmartBLE_Logger(13869): [Receive] 收到通知: 7B 22 74 79 70 65 22 3A 22 64 65 76 69 63 65 5F 73 74 61 74 75 73 22 2C 22 6C 65 64 22 3A 22 6F 6E 22 2C 22 75 70 74 69 6D 65 22 3A 38 36 37 30 33 33 2C 22 66 69 78 74 75 72 65 5F 72 6F 6C 65 22 3A 22 70 65 72 69 70 68 65 72 61 6C 22 7D
09-10 10:37:20.292 D/SmartBLE_Logger(13869): [Receive] 收到通知: 7B 22 74 79 70 65 22 3A 22 64 65 76 69 63 65 5F 73 74 61 74 75 73 22 2C 22 6C 65 64 22 3A 22 6F 6E 22 2C 22 75 70 74 69 6D 65 22 3A 38 37 32 30 38 39 2C 22 66 69 78 74 75 72 65 5F 72 6F 6C 65 22 3A 22 70 65 72 69 70 68 65 72 61 6C 22 7D
09-10 10:37:25.361 D/SmartBLE_Logger(13869): [Receive] 收到通知: 7B 22 74 79 70 65 22 3A 22 64 65 76 69 63 65 5F 73 74 61 74 75 73 22 2C 22 6C 65 64 22 3A 22 6F 6E 22 2C 22 75 70 74 69 6D 65 22 3A 38 37 37 31 34 35 2C 22 66 69 78 74 75 72 65 5F 72 6F 6C 65 22 3A 22 70 65 72 69 70 68 65 72 61 6C 22 7D
09-10 10:37:30.438 D/SmartBLE_Logger(13869): [Receive] 收到通知: 7B 22 74 79 70 65 22 3A 22 64 65 76 69 63 65 5F 73 74 61 74 75 73 22 2C 22 6C 65 64 22 3A 22 6F 6E 22 2C 22 75 70 74 69 6D 65 22 3A 38 38 32 32 30 31 2C 22 66 69 78 74 75 72 65 5F 72 6F 6C 65 22 3A 22 70 65 72 69 70 68 65 72 61 6C 22 7D
09-10 10:37:35.449 D/SmartBLE_Logger(13869): [Receive] 收到通知: 7B 22 74 79 70 65 22 3A 22 64 65 76 69 63 65 5F 73 74 61 74 75 73 22 2C 22 6C 65 64 22 3A 22 6F 6E 22 2C 22 75 70 74 69 6D 65 22 3A 38 38 37 32 35 37 2C 22 66 69 78 74 75 72 65 5F 72 6F 6C 65 22 3A 22 70 65 72 69 70 68 65 72 61 6C 22 7D
09-10 10:37:40.521 D/SmartBLE_Logger(13869): [Receive] 收到通知: 7B 22 74 79 70 65 22 3A 22 64 65 76 69 63 65 5F 73 74 61 74 75 73 22 2C 22 6C 65 64 22 3A 22 6F 6E 22 2C 22 75 70 74 69 6D 65 22 3A 38 39 32 33 31 33 2C 22 66 69 78 74 75 72 65 5F 72 6F 6C 65 22 3A 22 70 65 72 69 70 68 65 72 61 6C 22 7D
09-10 10:37:45.592 D/SmartBLE_Logger(13869): [Receive] 收到通知: 7B 22 74 79 70 65 22 3A 22 64 65 76 69 63 65 5F 73 74 61 74 75 73 22 2C 22 6C 65 64 22 3A 22 6F 6E 22 2C 22 75 70 74 69 6D 65 22 3A 38 39 37 33 36 39 2C 22 66 69 78 74 75 72 65 5F 72 6F 6C 65 22 3A 22 70 65 72 69 70 68 65 72 61 6C 22 7D
09-10 10:37:50.663 D/SmartBLE_Logger(13869): [Receive] 收到通知: 7B 22 74 79 70 65 22 3A 22 64 65 76 69 63 65 5F 73 74 61 74 75 73 22 2C 22 6C 65 64 22 3A 22 6F 6E 22 2C 22 75 70 74 69 6D 65 22 3A 39 30 32 34 32 35 2C 22 66 69 78 74 75 72 65 5F 72 6F 6C 65 22 3A 22 70 65 72 69 70 68 65 72 61 6C 22 7D
09-10 10:37:55.687 D/SmartBLE_Logger(13869): [Receive] 收到通知: 7B 22 74 79 70 65 22 3A 22 64 65 76 69 63 65 5F 73 74 61 74 75 73 22 2C 22 6C 65 64 22 3A 22 6F 6E 22 2C 22 75 70 74 69 6D 65 22 3A 39 30 37 34 38 31 2C 22 66 69 78 74 75 72 65 5F 72 6F 6C 65 22 3A 22 70 65 72 69 70 68 65 72 61 6C 22 7D
09-10 10:38:00.754 D/SmartBLE_Logger(13869): [Receive] 收到通知: 7B 22 74 79 70 65 22 3A 22 64 65 76 69 63 65 5F 73 74 61 74 75 73 22 2C 22 6C 65 64 22 3A 22 6F 6E 22 2C 22 75 70 74 69 6D 65 22 3A 39 31 32 35 33 37 2C 22 66 69 78 74 75 72 65 5F 72 6F 6C 65 22 3A 22 70 65 72 69 70 68 65 72 61 6C 22 7D
09-10 10:38:05.826 D/SmartBLE_Logger(13869): [Receive] 收到通知: 7B 22 74 79 70 65 22 3A 22 64 65 76 69 63 65 5F 73 74 61 74 75 73 22 2C 22 6C 65 64 22 3A 22 6F 6E 22 2C 22 75 70 74 69 6D 65 22 3A 39 31 37 35 39 33 2C 22 66 69 78 74 75 72 65 5F 72 6F 6C 65 22 3A 22 70 65 72 69 70 68 65 72 61 6C 22 7D
09-10 10:38:10.846 D/SmartBLE_Logger(13869): [Receive] 收到通知: 7B 22 74 79 70 65 22 3A 22 64 65 76 69 63 65 5F 73 74 61 74 75 73 22 2C 22 6C 65 64 22 3A 22 6F 6E 22 2C 22 75 70 74 69 6D 65 22 3A 39 32 32 36 34 39 2C 22 66 69 78 74 75 72 65 5F 72 6F 6C 65 22 3A 22 70 65 72 69 70 68 65 72 61 6C 22 7D
09-10 10:38:15.917 D/SmartBLE_Logger(13869): [Receive] 收到通知: 7B 22 74 79 70 65 22 3A 22 64 65 76 69 63 65 5F 73 74 61 74 75 73 22 2C 22 6C 65 64 22 3A 22 6F 6E 22 2C 22 75 70 74 69 6D 65 22 3A 39 32 37 37 30 35 2C 22 66 69 78 74 75 72 65 5F 72 6F 6C 65 22 3A 22 70 65 72 69 70 68 65 72 61 6C 22 7D
09-10 10:38:20.984 D/SmartBLE_Logger(13869): [Receive] 收到通知: 7B 22 74 79 70 65 22 3A 22 64 65 76 69 63 65 5F 73 74 61 74 75 73 22 2C 22 6C 65 64 22 3A 22 6F 6E 22 2C 22 75 70 74 69 6D 65 22 3A 39 33 32 37 36 31 2C 22 66 69 78 74 75 72 65 5F 72 6F 6C 65 22 3A 22 70 65 72 69 70 68 65 72 61 6C 22 7D
09-10 10:38:26.054 D/SmartBLE_Logger(13869): [Receive] 收到通知: 7B 22 74 79 70 65 22 3A 22 64 65 76 69 63 65 5F 73 74 61 74 75 73 22 2C 22 6C 65 64 22 3A 22 6F 6E 22 2C 22 75 70 74 69 6D 65 22 3A 39 33 37 38 31 37 2C 22 66 69 78 74 75 72 65 5F 72 6F 6C 65 22 3A 22 70 65 72 69 70 68 65 72 61 6C 22 7D
09-10 10:38:30.753 D/SmartBLE_Logger(13869): [Info] 写入 Unknown Characteristic: 4C 45 44 5F 4F 4E
09-10 10:38:30.756 D/SmartBLE_Logger(13869): [Success] 写入成功
09-10 10:38:30.917 D/SmartBLE_Logger(13869): [Receive] 收到通知: 7B 22 74 79 70 65 22 3A 22 77 72 69 74 65 5F 72 65 73 70 6F 6E 73 65 22 2C 22 63 6F 6D 6D 61 6E 64 22 3A 22 4C 45 44 5F 4F 4E 22 2C 22 6C 65 64 5F 73 74 61 74 65 22 3A 22 6F 6E 22 2C 22 62 6C 69 6E 6B 5F 70 61 74 74 65 72 6E 22 3A 31 7D
09-10 10:38:30.918 D/SmartBLE_Logger(13869): [Receive] 收到通知: 7B 22 74 79 70 65 22 3A 22 77 72 69 74 65 5F 72 65 73 70 6F 6E 73 65 22 2C 22 63 6F 6D 6D 61 6E 64 22 3A 22 4C 45 44 5F 4F 4E 22 2C 22 6C 65 64 5F 73 74 61 74 65 22 3A 22 6F 6E 22 2C 22 62 6C 69 6E 6B 5F 70 61 74 74 65 72 6E 22 3A 31 7D
09-10 10:38:30.920 D/SmartBLE_Logger(13869): [Info] 写入完成: 7B 22 74 79 70 65 22 3A 22 77 72 69 74 65 5F 72 65 73 70 6F 6E 73 65 22 2C 22 63 6F 6D 6D 61 6E 64 22 3A 22 4C 45 44 5F 4F 4E 22 2C 22 6C 65 64 5F 73 74 61 74 65 22 3A 22 6F 6E 22 2C 22 62 6C 69 6E 6B 5F 70 61 74 74 65 72 6E 22 3A 31 7D
09-10 10:38:31.072 D/SmartBLE_Logger(13869): [Receive] 收到通知: 7B 22 74 79 70 65 22 3A 22 64 65 76 69 63 65 5F 73 74 61 74 75 73 22 2C 22 6C 65 64 22 3A 22 6F 6E 22 2C 22 75 70 74 69 6D 65 22 3A 39 34 32 38 37 33 2C 22 66 69 78 74 75 72 65 5F 72 6F 6C 65 22 3A 22 70 65 72 69 70 68 65 72 61 6C 22 7D
09-10 10:38:36.149 D/SmartBLE_Logger(13869): [Receive] 收到通知: 7B 22 74 79 70 65 22 3A 22 64 65 76 69 63 65 5F 73 74 61 74 75 73 22 2C 22 6C 65 64 22 3A 22 6F 6E 22 2C 22 75 70 74 69 6D 65 22 3A 39 34 37 39 32 39 2C 22 66 69 78 74 75 72 65 5F 72 6F 6C 65 22 3A 22 70 65 72 69 70 68 65 72 61 6C 22 7D
09-10 10:38:41.223 D/SmartBLE_Logger(13869): [Receive] 收到通知: 7B 22 74 79 70 65 22 3A 22 64 65 76 69 63 65 5F 73 74 61 74 75 73 22 2C 22 6C 65 64 22 3A 22 6F 6E 22 2C 22 75 70 74 69 6D 65 22 3A 39 35 32 39 38 35 2C 22 66 69 78 74 75 72 65 5F 72 6F 6C 65 22 3A 22 70 65 72 69 70 68 65 72 61 6C 22 7D
09-10 10:38:46.244 D/SmartBLE_Logger(13869): [Receive] 收到通知: 7B 22 74 79 70 65 22 3A 22 64 65 76 69 63 65 5F 73 74 61 74 75 73 22 2C 22 6C 65 64 22 3A 22 6F 6E 22 2C 22 75 70 74 69 6D 65 22 3A 39 35 38 30 34 31 2C 22 66 69 78 74 75 72 65 5F 72 6F 6C 65 22 3A 22 70 65 72 69 70 68 65 72 61 6C 22 7D
09-10 10:38:51.310 D/SmartBLE_Logger(13869): [Receive] 收到通知: 7B 22 74 79 70 65 22 3A 22 64 65 76 69 63 65 5F 73 74 61 74 75 73 22 2C 22 6C 65 64 22 3A 22 6F 6E 22 2C 22 75 70 74 69 6D 65 22 3A 39 36 33 30 39 37 2C 22 66 69 78 74 75 72 65 5F 72 6F 6C 65 22 3A 22 70 65 72 69 70 68 65 72 61 6C 22 7D
09-10 10:38:56.379 D/SmartBLE_Logger(13869): [Receive] 收到通知: 7B 22 74 79 70 65 22 3A 22 64 65 76 69 63 65 5F 73 74 61 74 75 73 22 2C 22 6C 65 64 22 3A 22 6F 6E 22 2C 22 75 70 74 69 6D 65 22 3A 39 36 38 31 35 33 2C 22 66 69 78 74 75 72 65 5F 72 6F 6C 65 22 3A 22 70 65 72 69 70 68 65 72 61 6C 22 7D
09-10 10:39:01.406 D/SmartBLE_Logger(13869): [Receive] 收到通知: 7B 22 74 79 70 65 22 3A 22 64 65 76 69 63 65 5F 73 74 61 74 75 73 22 2C 22 6C 65 64 22 3A 22 6F 6E 22 2C 22 75 70 74 69 6D 65 22 3A 39 37 33 32 30 39 2C 22 66 69 78 74 75 72 65 5F 72 6F 6C 65 22 3A 22 70 65 72 69 70 68 65 72 61 6C 22 7D
09-10 10:39:06.475 D/SmartBLE_Logger(13869): [Receive] 收到通知: 7B 22 74 79 70 65 22 3A 22 64 65 76 69 63 65 5F 73 74 61 74 75 73 22 2C 22 6C 65 64 22 3A 22 6F 6E 22 2C 22 75 70 74 69 6D 65 22 3A 39 37 38 32 36 35 2C 22 66 69 78 74 75 72 65 5F 72 6F 6C 65 22 3A 22 70 65 72 69 70 68 65 72 61 6C 22 7D
09-10 10:39:11.544 D/SmartBLE_Logger(13869): [Receive] 收到通知: 7B 22 74 79 70 65 22 3A 22 64 65 76 69 63 65 5F 73 74 61 74 75 73 22 2C 22 6C 65 64 22 3A 22 6F 6E 22 2C 22 75 70 74 69 6D 65 22 3A 39 38 33 33 32 31 2C 22 66 69 78 74 75 72 65 5F 72 6F 6C 65 22 3A 22 70 65 72 69 70 68 65 72 61 6C 22 7D
09-10 10:39:16.615 D/SmartBLE_Logger(13869): [Receive] 收到通知: 7B 22 74 79 70 65 22 3A 22 64 65 76 69 63 65 5F 73 74 61 74 75 73 22 2C 22 6C 65 64 22 3A 22 6F 6E 22 2C 22 75 70 74 69 6D 65 22 3A 39 38 38 33 37 37 2C 22 66 69 78 74 75 72 65 5F 72 6F 6C 65 22 3A 22 70 65 72 69 70 68 65 72 61 6C 22 7D
09-10 10:39:21.634 D/SmartBLE_Logger(13869): [Receive] 收到通知: 7B 22 74 79 70 65 22 3A 22 64 65 76 69 63 65 5F 73 74 61 74 75 73 22 2C 22 6C 65 64 22 3A 22 6F 6E 22 2C 22 75 70 74 69 6D 65 22 3A 39 39 33 34 33 33 2C 22 66 69 78 74 75 72 65 5F 72 6F 6C 65 22 3A 22 70 65 72 69 70 68 65 72 61 6C 22 7D
09-10 10:39:26.697 D/SmartBLE_Logger(13869): [Receive] 收到通知: 7B 22 74 79 70 65 22 3A 22 64 65 76 69 63 65 5F 73 74 61 74 75 73 22 2C 22 6C 65 64 22 3A 22 6F 6E 22 2C 22 75 70 74 69 6D 65 22 3A 39 39 38 34 38 39 2C 22 66 69 78 74 75 72 65 5F 72 6F 6C 65 22 3A 22 70 65 72 69 70 68 65 72 61 6C 22 7D
09-10 10:39:31.772 D/SmartBLE_Logger(13869): [Receive] 收到通知: 7B 22 74 79 70 65 22 3A 22 64 65 76 69 63 65 5F 73 74 61 74 75 73 22 2C 22 6C 65 64 22 3A 22 6F 6E 22 2C 22 75 70 74 69 6D 65 22 3A 31 30 30 33 35 34 35 2C 22 66 69 78 74 75 72 65 5F 72 6F 6C 65 22 3A 22 70 65 72 69 70 68 65 72 61 6C 22 7D
09-10 10:39:36.799 D/SmartBLE_Logger(13869): [Receive] 收到通知: 7B 22 74 79 70 65 22 3A 22 64 65 76 69 63 65 5F 73 74 61 74 75 73 22 2C 22 6C 65 64 22 3A 22 6F 6E 22 2C 22 75 70 74 69 6D 65 22 3A 31 30 30 38 36 30 31 2C 22 66 69 78 74 75 72 65 5F 72 6F 6C 65 22 3A 22 70 65 72 69 70 68 65 72 61 6C 22 7D
09-10 10:39:41.866 D/SmartBLE_Logger(13869): [Receive] 收到通知: 7B 22 74 79 70 65 22 3A 22 64 65 76 69 63 65 5F 73 74 61 74 75 73 22 2C 22 6C 65 64 22 3A 22 6F 6E 22 2C 22 75 70 74 69 6D 65 22 3A 31 30 31 33 36 35 37 2C 22 66 69 78 74 75 72 65 5F 72 6F 6C 65 22 3A 22 70 65 72 69 70 68 65 72 61 6C 22 7D
09-10 10:39:46.932 D/SmartBLE_Logger(13869): [Receive] 收到通知: 7B 22 74 79 70 65 22 3A 22 64 65 76 69 63 65 5F 73 74 61 74 75 73 22 2C 22 6C 65 64 22 3A 22 6F 6E 22 2C 22 75 70 74 69 6D 65 22 3A 31 30 31 38 37 31 33 2C 22 66 69 78 74 75 72 65 5F 72 6F 6C 65 22 3A 22 70 65 72 69 70 68 65 72 61 6C 22 7D
09-10 10:39:52.008 D/SmartBLE_Logger(13869): [Receive] 收到通知: 7B 22 74 79 70 65 22 3A 22 64 65 76 69 63 65 5F 73 74 61 74 75 73 22 2C 22 6C 65 64 22 3A 22 6F 6E 22 2C 22 75 70 74 69 6D 65 22 3A 31 30 32 33 37 36 39 2C 22 66 69 78 74 75 72 65 5F 72 6F 6C 65 22 3A 22 70 65 72 69 70 68 65 72 61 6C 22 7D
09-10 10:39:57.032 D/SmartBLE_Logger(13869): [Receive] 收到通知: 7B 22 74 79 70 65 22 3A 22 64 65 76 69 63 65 5F 73 74 61 74 75 73 22 2C 22 6C 65 64 22 3A 22 6F 6E 22 2C 22 75 70 74 69 6D 65 22 3A 31 30 32 38 38 32 35 2C 22 66 69 78 74 75 72 65 5F 72 6F 6C 65 22 3A 22 70 65 72 69 70 68 65 72 61 6C 22 7D
